1. 17, 258, 278, 443
2. 8, 130, 241, 245, 376, 467
3. 20, 39, 82, 226, 294
4. 41, 98, 109, 217, 298, 485, 461
5. 80, 264, 365, 481
6. 134, 141, 266, 347, 463
7. 55, 159, 172, 285, 453
8. 2, 61, 235, 268, 277, 418, 440
9. 24, 327, 349, 353
10. 299, 352, 455
11. 142, 371, 429, 471, 473
12. 35, 75, 150, 347, 378
13. 25, 137, 251, 362
14. 62, 177, 272, 351
15. 113, 210, 252, 287
16. 104, 211, 316, 414
17. 1, 86, 117, 443
18. 20, 244, 251, 253, 444
19. 67, 112, 190, 283, 370, 401
20. 52, 294, 435, 444, 468
21. 52, 111, 141, 381
22. 45, 62, 81, 86, 154, 195, 420
23. 50, 125, 157, 375, 410, 422
24. 82, 266, 309, 372
25. 186, 153, 242, 251, 360
26. 137, 169, 373, 462
27. 500, 404, 408, 455, 470
28. 129, 212, 249, 322
29. 16, 113, 499, 263, 303, 312
30. 291, 317, 379, 428, 449
31. 12, 150, 158, 270
32. 111, 189, 346, 394
33. 52, 145, 209, 250, 340, 427
34. 35, 37, 76, 199, 213
35. 34, 182, 228, 293, 457
36. 63, 113, 123, 147, 304, 446
37. 34, 49, 76, 199, 345
38. 143, 225, 477, 493
39. 78, 82, 309, 378
40. 65, 139, 337, 414
41. 95, 101, 109, 114, 214, 399
42. 4, 41, 101, 163
43. 203, 215, 233, 373, 414
44. 149, 298, 320, 374, 461
45. 22, 81, 154, 245, 263
46. 121, 173, 184, 411
47. 8, 242, 365, 449
48. 38, 45, 62, 267, 328, 351
49. 34, 37, 109, 121, 196
50. 73, 124, 206, 303, 466, 477
51. 34, 100, 199, 407, 457
52. 33, 113, 144, 150, 486
53. 59, 158, 276, 436
54. 274, 310, 363, 400
55. 159, 228, 318, 482, 484
56. 19, 190, 254, 317
57. 46, 178, 388, 394
58. 61, 77, 113, 332, 388
59. 75, 158, 413, 486
60. 71, 209, 244, 333, 411
61. 58, 169, 318, 332, 388
62. 14, 195, 319, 331, 351
63. 36, 113, 147, 287, 304, 446
64. 309, 346, 363, 476
65. 40, 139, 287, 337, 373
66. 70, 227, 263, 274, 310, 393
67. 27, 68, 214, 347, 401
68. 52, 67, 116, 342
69. 8, 94, 235, 277
70. 54, 66, 293, 310, 393
71. 60, 113, 197, 244, 446
72. 137, 153, 384, 441, 447
73. 50, 303, 317, 379, 428, 477
74. 275, 312, 454, 467
75. 59, 150, 158, 413, 486
76. 37, 34, 49, 199, 345
77. 39, 117, 149, 366, 368, 388
78. 39, 202, 234, 377, 451
79. 8, 119, 318, 418, 431
80. 5, 34, 76, 182
81. 22, 45, 63, 93, 236, 478
82. 106, 309, 372, 378, 457, 476
83. 92, 120, 143, 213, 317, 321
84. 54, 132, 175, 176, 426
85. 35, 90, 182, 457
86. 4, 17, 42, 101
87. 100, 178, 346, 394
88. 62, 125, 217, 351, 365, 475
89. 187, 216, 388, 435, 464
90. 85, 116, 131, 200
91. 224, 257, 260, 308, 469
92. 83, 291, 406, 456, 487
93. 81, 113, 123, 287, 446, 478
94. 34, 69, 213, 246, 277
95. 101, 163, 194, 298, 461
96. 75, 138, 183, 276
97. 202, 210, 237, 402, 432
98. 4, 102, 109, 365, 461
99. 25, 141, 243, 362, 410, 412
100. 142, 150, 173, 221, 262
101. 4, 41, 95, 109, 163
102. 105, 114, 399, 401, 461
103. 116, 121, 463, 485
104. 43, 63, 373, 414
105. 56, 98, 114, 317, 358, 428
106. 82, 78, 144, 346
107. 270, 293, 352
108. 114, 291, 311, 399
109. 95, 102, 163, 298, 461
110. 58, 79, 119, 319, 431
111. 21, 141, 198, 264
112. 41, 98, 190, 214, 401
113. 52, 63, 123, 236, 287, 446
114. 42, 102, 105, 358, 399
115. 120, 219, 220, 459, 464
116. 59, 68, 150, 185, 305
117. 77, 121, 173, 228, 366, 368
118. 62, 154, 331, 351
119. 58, 74, 110, 418, 431
120. 213, 261, 459, 487
121. 49, 102, 103, 173, 400
122. 245, 255, 295, 328, 419, 452
123. 93, 111, 113, 236, 287, 446
124. 50, 170, 288, 325, 466, 477
125. 133, 186, 303, 452, 475
126. 2, 282, 296, 334, 362, 395
127. 203, 245, 337, 373, 480
128. 33, 145, 162, 197, 409
129. 28, 142, 212, 249, 265, 322
130. 2, 275, 289, 315, 316
131. 82, 365, 378, 476
132. 77, 84, 175, 309, 366
133. 187, 230, 303, 396, 475
134. 6, 106, 309, 372, 457
135. 150, 224, 308, 377, 469
136. 209, 499, 238, 336, 475
137. 13, 26, 153, 447, 462
138. 75, 96, 183, 279, 299
139. 40, 65, 232, 252, 337
140. 125, 133, 261, 303, 475
141. 75, 150, 198, 266, 390
142. 100, 129, 168, 265, 400, 457
143. 38, 377, 381, 468
144. 6, 52, 78, 141, 309
145. 33, 52, 250, 335, 348
146. 61, 169, 318, 388
147. 113, 188, 256, 312, 398, 446
148. 203, 269, 382, 422, 480
149. 44, 121, 173, 400, 457
150. 75, 270, 305, 486, 491
151. 17, 97, 210, 237, 377, 469
152. 30, 108, 121, 291, 402, 487
153. 72, 137, 228, 314, 359, 447
154. 22, 122, 195, 217, 238, 351
155. 69, 235, 241, 268, 307, 329, 474
156. 241, 246, 268, 275, 289
157. 89, 162, 220, 261, 314, 435
158. 53, 59, 75, 150, 352
159. 7, 55, 193, 257, 453, 482
160. 251, 362, 395, 441, 458
161. 188, 217, 282, 334, 362, 395
162. 18, 20, 128, 253, 409
163. 41, 95, 109, 328, 461
164. 3, 25, 146, 177, 226
165. 150, 276, 413, 486, 490
166. 211, 275, 289, 387, 458
167. 183, 279, 280, 338
168. 102, 142, 150, 371, 380
169. 14, 61, 146, 272, 318, 388
170. 83, 133, 186, 230, 303
171. 191, 280, 293, 343, 356
172. 78, 200, 260, 285, 378
173. 46, 121, 142, 149, 443
174. 48, 142, 173, 267, 328
175. 84, 132, 357, 369
176. 54, 273, 309, 356
177. 14, 18, 137, 164, 388, 431
178. 57, 87, 309, 394
179. 252, 269, 422, 480
180. 313, 341, 424, 477
181. 39, 121, 131, 378, 453
182. 4, 35, 365, 457
183. 96, 138, 167, 357, 486
184. 293, 309, 372, 394
185. 59, 75, 116, 150, 305, 415
186. 18, 125, 170, 303, 348
187. 13, 89, 230, 313, 479
188. 113, 147, 161, 251, 256, 395
189. 168, 291, 371, 380, 468
190. 19, 49, 56, 214, 401
191. 10, 171, 293, 463
192. 9, 309, 372, 457
193. 117, 219, 223, 439, 451
194. 163, 437, 461, 487
195. 14, 62, 255, 263, 351, 414
196. 117, 121, 173, 262
197. 116, 128, 207, 414
198. 141, 192, 300, 340, 396
199. 37, 51, 76, 345, 423
200. 78, 82, 234, 378, 381
201. 25, 248, 251, 362, 395
202. 97, 223, 377, 400, 451
203. 43, 207, 233, 414
204. 50, 224, 308, 424, 469
205. 137, 153, 384, 434, 447
206. 83, 92, 204, 317, 406, 487
207. 43, 145, 197, 203, 414
208. 89, 177, 205, 351, 383, 446
209. 125, 186, 243, 303, 475
210. 15, 97, 237, 402, 432, 469
211. 14, 16, 166, 318, 331
212. 129, 221, 249, 322
213. 120, 220, 317, 464, 487
214. 41, 102, 105, 190, 401
215. 43, 203, 225, 244
216. 89, 499, 253, 303, 388, 395
217. 46, 105, 108, 124, 161, 490
218. 161, 188, 251, 362
219. 55, 91, 159, 439, 482
220. 213, 217, 291, 464, 487
221. 97, 141, 150, 202, 302, 429
222. 38, 42, 143, 358
223. 78, 135, 142, 193, 451
224. 135, 308, 439, 450, 469
225. 56, 215, 417, 493
226. 3, 77, 164, 397
227. 10, 54, 66, 310, 393
228. 55, 77, 117, 264, 288, 368
229. 77, 117, 228, 343, 365, 368
230. 133, 187, 238, 295
231. 83, 204, 321, 388, 424, 487
232. 139, 337, 373, 452
233. 203, 251, 360, 480, 484
234. 200, 223, 400, 451
235. 8, 155, 232, 268, 403
236. 81, 93, 113, 123, 336, 385
237. 97, 210, 405, 469
238. 122, 187, 243, 245, 255, 312
239. 163, 166, 246, 277, 318, 332
240. 168, 365, 390, 473
241. 2, 282, 330, 403, 440
242. 25, 33, 47, 218, 244
243. 186, 209, 238, 326, 468
244. 60, 71, 203, 242, 267, 328, 333
245. 2, 62, 122, 127, 154, 351
246. 94, 156, 499, 395
247. 70, 320, 325, 410
248. 205, 251, 336, 362, 441, 458
249. 129, 142, 212, 265, 322
250. 33, 141, 145, 326, 335, 435
251. 13, 25, 161, 201, 480
252. 127, 139, 269, 422
253. 18, 48, 162, 186, 283, 377
254. 56, 204, 437, 468, 496
255. 122, 195, 238, 316, 362
256. 36, 63, 147, 177, 304, 351
257. 55, 159, 271, 368, 482
258. 1, 112, 295, 443
259. 161, 166, 499, 251, 331
260. 78, 223, 284, 352
261. 120, 140, 157, 459, 465
262. 100, 142, 173, 196, 297
263. 45, 62, 66, 122, 195, 351
264. 5, 70, 111, 228, 393
265. 129, 142, 221, 249, 380
266. 141, 176, 302, 371, 429
267. 48, 62, 163, 328, 351
268. 8, 69, 155, 235, 467
269. 127, 203, 337, 391, 480
270. 31, 107, 150, 158
271. 91, 159, 193, 228, 291, 482
272. 14, 62, 169, 195, 431
273. 54, 176, 274, 300
274. 10, 273, 299, 280
275. 89, 130, 166, 289, 315
276. 53, 75, 150, 270, 413
277. 8, 69, 94, 235
278. 1, 500, 219, 449
279. 138, 299, 369, 372
280. 138, 167, 183, 274, 279, 299
281. 35, 134, 285, 344
282. 161, 217, 241, 334, 395
283. 44, 71, 187, 398
284. 141, 223, 260, 286, 451
285. 172, 176, 266, 281
286. 141, 150, 284, 472, 302
287. 36, 63, 93, 113, 123, 446
288. 54, 77, 228, 366, 388, 400
289. 166, 275, 315, 364, 387
290. 63, 113, 264, 421, 422
291. 108, 120, 182, 456, 457, 468
292. 8, 268, 275, 303, 331, 403
293. 80, 141, 184, 463
294. 3, 20, 61, 288, 297
295. 122, 230, 238, 297, 443
296. 118, 126, 217, 461, 487
297. 89, 100, 146, 262, 294
298. 52, 95, 101, 109, 163, 461
299. 10, 138, 280, 455
300. 198, 301, 352, 396
301. 183, 280, 300, 430, 463
302. 141, 221, 266, 305, 429
303. 50, 125, 170, 186, 499, 243
304. 36, 63, 188, 256, 362
305. 59, 185, 198, 486
306. 240, 370, 377, 473
307. 40, 155, 329, 337, 474
308. 135, 204, 224, 450, 469
309. 64, 386, 394, 344
310. 70, 227, 299, 372, 393
311. 105, 108, 114, 358, 399
312. 16, 29, 63, 113, 147
313. 186, 170, 187, 230, 335
314. 55, 61, 88, 157, 326, 351
315. 166, 275, 289, 387
316. 2, 130, 235, 289, 387
317. 88, 255, 358, 419, 428, 461
318. 57, 211, 288, 294, 388
319. 88, 91, 93, 331, 438
320. 50, 247, 314, 325, 374, 477
321. 83, 105, 231, 291, 379, 380
322. 134, 182, 249, 281, 457
323. 155, 161, 248, 282, 403, 434
324. 150, 185, 274, 486
325. 247, 320, 326, 459
326. 39, 170, 186, 250, 314
327. 9, 106, 381, 468, 498
328. 48, 71, 163, 267, 478
329. 40, 155, 307, 337, 474
330. 155, 235, 376, 395, 403, 418
331. 62, 211, 316, 319, 438
332. 58, 61, 74, 239, 318, 431
333. 60, 101, 244, 297
334. 2, 161, 282, 403, 440
335. 145, 313, 348, 475
336. 118, 148, 225, 421
337. 127, 139, 203, 269, 417, 480
338. 138, 183, 301, 280
339. 215, 240, 382, 444
340. 53, 198, 385, 396, 427, 445
341. 30, 291, 379, 406, 424
342. 68, 224, 377, 439, 469
343. 10, 66, 171, 191
344. 182, 309, 416, 457
345. 76, 199, 365, 423
346. 106, 192, 363, 372, 426
347. 6, 12, 67, 150, 266, 378
348. 209, 243, 303, 335, 411
349. 9, 369, 372, 426
350. 118, 139, 197, 207, 263
351. 45, 62, 195, 230, 255, 263
352. 10, 274, 300, 463
353. 54, 349, 361, 372, 426
354. 39, 131, 181, 200
355. 49, 109, 328, 461, 423
356. 171, 176, 293
357. 175, 183, 352, 369
358. 56, 88, 105, 114, 317, 428
359. 122, 384, 434, 438, 472
360. 25, 233, 251, 422, 484
361. 54, 372, 415, 471
362. 161, 218, 248, 251, 323
363. 32, 64, 346, 394
364. 275, 289, 315, 387, 448
365. 39, 98, 117, 182, 372, 400
366. 77, 132, 264, 288, 318
367. 87, 192, 363, 394
368. 77, 106, 117, 266
369. 96, 132, 138, 175, 309
370. 189, 306, 371, 473
371. 28, 168, 306, 370, 380
372. 349, 361, 365, 266, 309
373. 65, 139, 203, 232, 414
374. 50, 124, 303, 320, 396, 466
375. 23, 313, 436, 483
376. 241, 330, 395, 403
377. 78, 151, 309, 400
378. 12, 78, 82, 202, 131
379. 30, 83, 317, 321, 428, 459
380. 129, 168, 265, 321, 371
381. 78, 192, 200, 378, 498
382. 128, 148, 339, 409
383. 2, 282, 467, 472
384. 153, 205, 362, 458, 472
385. 53, 170, 236, 375, 436, 445
386. 175, 274, 357, 369
387. 130, 166, 275, 289, 448
388. 58, 61, 77, 178, 309
389. 168, 262, 370, 371, 380
390. 141, 240, 306, 381, 473
391. 251, 269, 337, 480, 484
392. 300, 352, 353
393. 10, 54, 70, 227, 310, 320
394. 57, 64, 184, 363, 367
395. 499, 241, 330, 362, 403, 418, 441
396. 198, 243, 300, 340, 348, 475
397. 77, 226, 322, 366
398. 147, 170, 500, 256, 351, 475
399. 102, 105, 114, 214, 311
400. 142, 234, 288, 457, 470
401. 98, 102, 190, 214
402. 152, 210, 237, 469
403. 8, 241, 292, 395, 418, 458
404. 64, 309, 346, 426
405. 210, 237, 402, 432, 498
406. 202, 317, 341, 456, 468
407. 138, 183, 352
408. 67, 500, 347, 353
409. 33, 128, 197, 382, 421
410. 23, 25, 247, 250, 326
411. 186, 209, 243, 335, 348
412. 323, 373, 414, 462
413. 59, 75, 141, 276, 486
414. 139, 147, 195, 203, 290, 412
415. 141, 150, 185, 302, 309
416. 182, 309, 344, 372, 457
417. 127, 203, 337, 391, 484
418. 8, 268, 332, 431
419. 140, 317, 358, 452, 475, 477
420. 22, 45, 193, 351, 419, 451
421. 118, 148, 336, 382, 409
422. 127, 148, 179, 290, 310
423. 76, 199, 345, 355
424. 120, 180, 204, 341, 487
425. 45, 317, 358, 419
426. 349, 352, 361, 407
427. 340, 385, 432, 445
428. 19, 105, 317, 358
429. 11, 100, 221, 305
430. 132, 175, 369, 486
431. 79, 139, 315, 351, 448
432. 151, 210, 237, 400, 460
433. 150, 266, 305, 426, 486
434. 205, 248, 384, 472, 438
435. 20, 186, 251, 377, 410
436. 53, 170, 375, 385, 398, 407
437. 194, 254, 296, 325
438. 62, 319, 331, 472
439. 135, 190, 342, 460, 482
440. 79, 218, 232, 241, 362, 403
441. 72, 323, 330, 362, 395
442. 168, 226, 262, 380, 485
443. 1, 17, 27, 295, 297
444. 18, 20, 162, 339
445. 230, 340, 351, 385, 420
446. 36, 63, 93, 113, 304, 312
447. 72, 137, 153, 205, 384
448. 166, 272, 289, 364, 387, 421
449. 30, 135, 308, 469, 495
450. 135, 308, 377, 468, 469
451. 78, 193, 223, 281
452. 127, 319, 337, 391, 484
453. 7, 55, 77, 159
454. 74, 246, 329, 474
455. 10, 51, 344, 299, 457
456. 140, 159, 291, 379, 406
457. 200, 281, 400, 470, 476
458. 248, 362, 384, 403
459. 120, 379, 261, 419, 420
460. 210, 237, 284, 472, 400, 457
461. 95, 109, 163, 298, 317, 362
462. 26, 251, 137, 362, 414
463. 84, 191, 300, 352
464. 87, 120, 170, 220, 388, 487
465. 120, 140, 157, 261, 379
466. 50, 124, 170, 213, 358, 477
467. 2, 155, 208, 383, 472
468. 189, 192, 243, 400, 457, 498
469. 135, 150, 204, 224, 308
470. 182, 453, 455, 457
471. 3, 132, 176, 266, 349
472. 57, 208, 263, 359, 384, 467
473. 11, 193, 306, 371, 422
474. 31, 155, 270, 307, 329
475. 125, 186, 209, 243, 348
476. 64, 78, 82, 131, 365
477. 50, 124, 222, 317, 419, 466
478. 81, 93, 113, 267, 328
479. 187, 283, 331, 398, 478
480. 251, 269, 337, 391
481. 5, 70, 264, 299, 310
482. 55, 159, 182, 257, 400
483. 162, 375, 424, 436
484. 55, 233, 203, 360, 391, 480
485. 101, 500, 380, 442
486. 59, 75, 150, 198, 305
487. 92, 120, 189, 213, 220, 291
488. 265, 342, 370, 371, 450, 461
489. 1, 98, 345, 365, 497
490. 150, 324, 347, 413
491. 150, 225, 299, 493
492. 66, 78, 106, 223
493. 148, 225, 382, 421, 491
494. 13, 188, 250, 251, 253, 362
495. 168, 219, 240, 449
496. 55, 254, 291, 410
497. 4, 98, 353, 489
498. 78, 327, 407, 436, 468
499. 211, 247, 261, 305, 314, 336
500. 1, 27, 67, 86, 400